AML01,135,168,54,255,91,154,AML,10,7, 
AML02,125,156,61,255,0,255,AML,13,3,21675.0/22950.0/33915.0
AML03,125,156,63,255,0,255,AML,13,1, 
AML04,122,157,75,255,0,255,AML,10,2,20910.0/17085.0
AML05,129,156,81,255,6,255,AML,10,0, 
AML06,129,156,57,255,6,255,AML,13000,0, 
AML07,126,164,56,255,6,255,AML,13000,0, 
AML08,113,151,68,255,6,255,AML,13,3,4590.0/23205.0/11475.0
AML09,119,162,90,255,6,255,AML,13000,0, 
AML10,125,158,75,255,6,255,AML,10,0, 
ALL1,82,149,117,255,123,255,ALL,10,0, 
ALL4,84,144,68,255,0,206,ALL,1250,0, 
ALL5,129,151,54,255,38,231,ALL,1250,0, 
ALL6,15,157,72,255,89,209,ALL,500,0, 
ALL8,20,151,90,248,109,233,ALL,250,0, 
ALL15,103,148,74,201,128,255,ALL,8275,0, 
ALL9,126,153,101,249,6,231,ALL,8275,0, 
ALL10,50,150,102,254,0,253,ALL,500,0, 
ALL11,50,148,108,253,53,252,ALL,500,0, 
ALL7,122,152,140,255,30,215,ALL,500,0, 
ALL17,116,154,57,255,0,194,ALL,13,9,31620/21675/50235/29835/32385/32385/27030/30090/37485
